4
13 8 4 5 
2.8088646 -0.44843426 4.219458 -0.13446721 0.29007268 -0.21289983 -0.4507768 -1.298839 
-1.4120573 1.1958914 -1.9509205 1.3824142 1.0965538 0.8740344 -4.1263914 2.41002 
-2.1936526 -1.072571 -7.7139635 3.1667638 -2.0014105 -1.4775947 0.30668303 0.2335459 
2.9393053 1.7181929 0.17812544 0.17027828 -0.7090016 -0.4501788 1.7966461 -0.54446894 
0.3394468 0.8108106 0.4932745 -3.2170942 -4.9802155 7.7993884 -0.11714298 5.6833334 
6.9760466 0.30089834 -1.1220239 0.7792481 -1.3693975 -5.981835 4.603093 -2.847994 
-2.1207752 0.84218776 2.5357642 -1.0324618 0.64419746 3.2631793 -3.0869575 -0.12150654 
-4.5346026 -5.681924 -2.08578 -2.5952044 -2.581426 2.9904702 -2.5163474 1.6602966 
-0.5749462 -2.2657135 1.4810963 -1.2097809 0.43764076 -0.23150373 3.8093863 -0.16418381 
5.7084904 -2.6518369 -2.7875957 1.7473406 2.495567 0.8932508 4.7774825 -2.202481 
-1.4500927 -2.838877 1.907341 8.953845 2.6257882 0.068233594 1.6156001 -2.1276987 
6.024915 -1.4382375 3.2874486 -1.3235657 0.65337735 -1.4514847 0.25238433 -0.043136954 
-1.8587275 -2.082035 0.62909204 0.616595 1.0291219 -1.0660002 -1.6074903 -0.7805878 
0.117187686 -1.7226926 -1.1789494 0.27142313 
1.9332925 1.1328785 1.8253251 1.6523532 
0.7064271 -1.5538682 1.0308399 -0.9377296 
2.316915 2.5023277 -3.7469852 2.4842002 
-5.4160194 -1.0216595 1.0057089 -1.7176727 
-2.6221302 -0.3907038 3.2416368 2.8322206 
-1.8892004 -0.3837859 -0.97355497 -2.5373592 
-1.4510224 1.2403213 4.1654077 3.5009043 
4.2508287 -0.7138335 -0.12571429 -0.14533131 1.00486 
0.42508042 4.2320094 -1.4952943 -0.78181005 -1.1364071 
-4.1365952 -1.4243112 -0.82602036 -1.6755085 -0.7563736 
-4.483112 -3.0129306 1.3816402 -0.7662995 5.5620484 
