4
13 8 4 5 
0.63877153 -0.14586286 2.1999707 -0.34174535 0.49815774 0.90434575 -0.5935322 -2.5089362 
-1.6057093 0.8142298 0.4774329 1.6975664 -1.5164857 -0.7452577 1.2397127 1.1574508 
0.47777697 -0.4025159 5.4778124E-4 0.66154855 0.53635097 -0.48056164 -0.84910494 -0.5467451 
-0.84445846 1.0986191 0.2000782 -1.28861 1.4812853 3.4911227 2.1602304 0.13276339 
-0.7794559 -1.5830747 -0.27763304 2.9267247 0.6037223 -2.3547175 1.1648642 -1.9928787 
0.39324436 1.4739385 0.85739017 2.5540302 2.7469268 0.2653902 0.17903258 1.9251676 
0.8952467 -0.12351969 -0.96881396 1.3449969 1.6079123 -0.054695107 1.0288026 -1.3804625 
-2.5012379 -0.4548118 0.5956248 -2.4377575 2.2027764 3.1550384 1.0300508 0.22705519 
0.27137616 0.3169899 2.7710829 -0.30074587 0.2510306 0.2568278 0.3634506 -0.12553452 
0.27696753 0.24318953 1.1452743 -1.1439897 -0.8676511 -2.5157588 0.7704315 -1.8724573 
0.6600518 -0.556812 0.20417415 -2.1687605 -2.7018988 -0.45220542 0.4292196 1.3337184 
-0.16776828 -0.66292626 1.7685289 0.13679463 -1.0260916 0.7063939 0.030208796 -1.4546684 
-1.3041677 0.46864793 0.13223992 0.30918375 -0.13159534 -4.055364 0.15509364 2.792682 
0.38121247 1.5437078 -0.25355747 -2.1121912 
-0.59275764 -2.6781657 0.07433226 1.1830869 
0.64064497 0.3467055 0.8658302 -0.95100677 
-0.65965295 -1.7906126 -3.1873155 -1.765861 
-0.16692515 0.46215796 1.2714117 1.1294184 
1.424275 0.40890098 1.3926765 -0.19352071 
-0.04954634 1.4155014 -0.79347694 0.94213295 
0.26047605 0.24423319 -0.24890435 -0.6166936 
1.7777725 0.5613284 -1.5893874 0.28278464 -0.52585125 
0.84646666 -1.4663515 -0.94899094 -1.5546927 0.3852529 
1.8079433 -1.4566746 -0.35272163 -0.59846884 0.40818995 
1.1672258 -1.6769924 -0.5510907 0.2060058 -0.30510676 
