4
9 8 4 1 
-0.51549774 3.9990773 2.476162 -0.4223147 0.6836366 -0.8619447 0.6889439 1.1572051 
0.36396977 -1.5420194 1.6725689 -0.917384 0.4578425 -0.81403524 1.2960308 0.41105053 
-2.2625542 0.41973656 -0.19056474 -1.1910982 -0.4599159 1.1079971 1.0553471 0.76489544 
-1.7847282 0.74987763 -0.45268917 0.12654488 -1.2789242 1.1554508 -0.9333649 1.0097927 
1.3552988 1.5767307 -1.8412886 -1.8040209 1.9761223 -5.7591214 -0.33771905 -2.3403678 
-0.17393321 -1.8685802 -0.39710414 0.14106032 1.0029377 -1.5534565 -4.023015 1.3308476 
-2.442778 -2.2154138 -0.12463036 0.92642045 0.6746551 3.0735917 2.0027468 0.47662106 
0.11572455 -2.2251785 0.77879065 2.9873242 -1.874525 2.0884447 1.0212665 0.72339493 
-1.0563877 1.1043926 0.054318033 -0.27013332 2.6868448 0.043975733 0.12643483 -0.007116545 
3.946274 2.589794 2.1111805 -1.7296431 
-5.251492 -0.9943187 0.7761571 0.6093733 
0.22988121 -0.30214387 -1.0030475 -3.785083 
-0.9687196 1.296932 -4.0539937 -1.710059 
-1.647647 -0.6275267 -2.6376832 -2.3061335 
-0.4724248 1.192211 -2.503773 -2.50566 
-1.3256515 0.16275074 0.59142536 -1.3398967 
-0.90931416 -0.9662202 -1.7907007 -0.32836458 
1.4750807 
-1.9997501 
-3.0074875 
-4.9632154 
0.07925773 -0.77495444 -0.45880878 -0.7288308 
0.78623486 -0.58438575 -0.46367884 0.4442966 
-0.63368356 0.38083756 -0.9359174 -0.0062407255 
0.46363533 0.6332557 0.28065705 -0.07729709 
-0.051996827 
