4
9 8 4 1 
0.18748988 -0.2407012 -0.09469646 -0.050787576 -0.14042738 0.8659288 -0.836756 2.1358998 
1.3176042 -0.25229844 1.2552998 -1.0459328 1.0168211 1.2139628 -0.61585987 -0.9137156 
-0.49208733 -0.9676076 0.6498678 -0.7961881 -1.3704028 -0.14736009 0.47766343 -1.5662726 
-1.3614042 -0.113881014 -1.2627342 0.5563386 2.2587116 0.034578305 0.070291735 -0.93065053 
-0.5381082 -0.33903542 -0.31766534 0.7605758 -0.95572805 0.8616542 -0.67565525 -0.30813792 
-0.103119686 -0.08341273 -0.101838484 -0.9197402 -0.8037092 0.5974494 0.69982636 -1.4426134 
0.7413408 -0.9651811 2.0464334 -0.74515694 0.7591599 -0.5389186 0.012066431 -1.1146774 
-3.2976584 -0.56830657 -0.72038984 2.4201055 0.19886523 -0.59521925 0.8609179 0.78023386 
-0.17872262 -0.4534599 0.6704676 -0.090754166 0.9701713 0.39305568 -0.3109034 1.4498229 
1.961819 -1.2999152 -0.884173 1.5472499 
-0.6518295 0.8604148 -1.4221615 2.1129239 
1.2407812 0.2695412 -0.8888091 -0.4629275 
-0.7455063 0.32759356 0.007371802 -1.1009127 
-0.6878204 1.6284962 -0.12824324 0.3156234 
-0.22688285 -0.39712167 -1.4021852 -0.15734145 
-0.5362312 0.5429375 -0.8772732 -0.16913095 
-0.06589109 -0.014431415 -0.49708045 0.7694121 
-0.8468655 
0.6020827 
0.8980398 
-0.041742034 
0.0861243 0.14955223 0.7110901 -0.9112705 
0.4175141 0.28741992 0.52979136 -0.19626975 
0.8710424 -0.17168021 -0.78759146 0.8783101 
-0.20614064 -0.45230222 0.5357697 0.07473624 
-0.5554298 
